1.416136118494925190e-06 2.818743580193543347e-04 -5.924287671493831675e-02 5.282637856292619283e+00
1.667225545079907520e-06 2.867171965481826496e-04 -6.094603492735348182e-02 5.277748545737298791e+00
-3.027840039798721704e-06 4.884602444064181951e-04 -3.142394100836046200e-02 4.489025854378032143e+00
-5.550737772839388339e-07 3.612896596729130183e-04 -3.597974736268705342e-02 4.679737378466198194e+00
2.454461483350119060e-06 3.128044794700732050e-04 -6.188886198543756129e-02 5.046101667588017037e+00
-1.375774599994615709e-05 -2.046199100771226281e-03 7.716718907001564320e-02 3.658720699098692464e+00
-4.006982085571828605e-06 -2.177865409601893818e-03 8.001571388586999067e-02 3.687277108730397934e+00
8.504037268003889049e-06 6.159070876304965653e-04 -3.649285907369741871e-02 4.666284358669519960e+00
6.142233263537191572e-07 3.028370727498214403e-04 -3.682544063997582329e-02 4.802197241684537765e+00
-1.944019549021438846e-06 4.177045848386309445e-04 -3.137620383654959877e-02 4.586462216234904687e+00
-2.821970589954681536e-05 1.765657616802369500e-03 -6.400885164559710905e-02 4.768227695443687075e+00
-1.927037937488409160e-06 5.468321859400773798e-04 -4.932617906652421447e-02 4.736484869426344169e+00
2.535687160295752814e-07 3.914883774407231019e-04 -3.527128057404520234e-02 4.539138643273564533e+00
-1.165212017512958468e-07 4.015933215552668447e-04 -3.481618124894349242e-02 4.537166802030649926e+00
3.544177067112390702e-07 3.922660392254547542e-04 -3.513523485341966263e-02 4.527977897776654714e+00
-2.403585166267391711e-06 3.224182850260363985e-04 -6.715610652055367495e-03 4.162149704811889173e+00
-4.941282070186990138e-06 4.706998229060709634e-04 -1.231456936325722208e-02 4.047255600022462652e+00
-4.597299606910234800e-06 3.480645752341367249e-04 -3.826831744549882147e-02 4.508618612973472217e+00
